Sp1 ; c = 30 ; f = 1
6 1000 0.5
1 1 0 1 1 0 1
2 1 0.78 1 1 0.78 1
3 1 1 1 1 1 1
4 1 0.84 1 1 0.84 1
5 1 0.5 1 1 0.5 1
6 0 0.16 1 0 0.16 1
Sp2 ; c = 30 ; f = 1
7 1000 0.5
1 1 0 1 1 0 1
2 1 0.72 1 1 0.72 1
3 1 1 1 1 1 1
4 1 0.96 1 1 0.96 1
5 1 0.72 1 1 0.72 1
6 1 0.4 1 1 0.4 1
7 0 0.12 1 0 0.12 1
Sp3 ; c = 30 ; f = 1
15 1000 0.5
1 1 0 1 1 0 1
2 1 0 1 1 0 1
3 1 0 1 1 0 1
4 1 0.39 1 1 0.39 1
5 1 0.68 1 1 0.68 1
6 1 0.86 1 1 0.86 1
7 1 0.97 1 1 0.97 1
8 1 1 1 1 1 1
9 1 0.97 1 1 0.97 1
10 1 0.9 1 1 0.9 1
11 1 0.78 1 1 0.78 1
12 1 0.65 1 1 0.65 1
13 0.99 0.5 1 0.99 0.5 1
14 0.94 0.35 1 0.94 0.35 1
15 0 0.22 1 0 0.22 1
Sp4 ; c = 30 ; f = 1
10 1000 0.5
1 1 0 1 1 0 1
2 1 0 1 1 0 1
3 1 0.55 1 1 0.55 1
4 1 0.87 1 1 0.87 1
5 1 1 1 1 1 1
6 1 0.98 1 1 0.98 1
7 1 0.85 1 1 0.85 1
8 1 0.65 1 1 0.65 1
9 0.99 0.43 1 0.99 0.43 1
10 0 0.22 1 0 0.22 1
Sp5 ; c = 30 ; f = 1
5 1000 0.5
1 1 0 1 1 0 1
2 1 0.89 1 1 0.89 1
3 1 1 1 1 1 1
4 1 0.67 1 1 0.67 1
5 0 0.22 1 0 0.22 1
Sp6 ; c = 30 ; f = 1
21 1000 0.5
1 1 0 1 1 0 1
2 1 0 1 1 0 1
3 1 0 1 1 0 1
4 1 0 1 1 0 1
5 1 0 1 1 0 1
6 1 0 1 1 0 1
7 1 0 1 1 0 1
8 1 0.29 1 1 0.29 1
9 1 0.53 1 1 0.53 1
10 1 0.71 1 1 0.71 1
11 1 0.84 1 1 0.84 1
12 1 0.93 1 1 0.93 1
13 1 0.98 1 1 0.98 1
14 1 1 1 1 1 1
15 1 0.99 1 1 0.99 1
16 1 0.94 1 1 0.94 1
17 1 0.88 1 1 0.88 1
18 0.99 0.8 1 0.99 0.8 1
19 0.96 0.71 1 0.96 0.71 1
20 0.83 0.61 1 0.83 0.61 1
21 0 0.5 1 0 0.5 1
Sp7 ; c = 30 ; f = 1
12 1000 0.5
1 1 0 1 1 0 1
2 1 0 1 1 0 1
3 1 0.47 1 1 0.47 1
4 1 0.78 1 1 0.78 1
5 1 0.95 1 1 0.95 1
6 1 1 1 1 1 1
7 1 0.96 1 1 0.96 1
8 1 0.84 1 1 0.84 1
9 1 0.68 1 1 0.68 1
10 1 0.5 1 1 0.5 1
11 0.98 0.32 1 0.98 0.32 1
12 0 0.16 1 0 0.16 1
Sp8 ; c = 30 ; f = 1
11 1000 0.5
1 1 0 1 1 0 1
2 1 0 1 1 0 1
3 1 0 1 1 0 1
4 1 0.51 1 1 0.51 1
5 1 0.83 1 1 0.83 1
6 1 0.98 1 1 0.98 1
7 1 1 1 1 1 1
8 1 0.92 1 1 0.92 1
9 1 0.77 1 1 0.77 1
10 0.99 0.57 1 0.99 0.57 1
11 0 0.37 1 0 0.37 1
Sp9 ; c = 30 ; f = 1
6 1000 0.5
1 1 0 1 1 0 1
2 1 0 1 1 0 1
3 1 0.78 1 1 0.78 1
4 1 1 1 1 1 1
5 1 0.84 1 1 0.84 1
6 0 0.5 1 0 0.5 1
Sp10 ; c = 30 ; f = 1
8 1000 0.5
1 1 0 1 1 0 1
2 1 0 1 1 0 1
3 1 0.65 1 1 0.65 1
4 1 0.96 1 1 0.96 1
5 1 1 1 1 1 1
6 1 0.85 1 1 0.85 1
7 1 0.6 1 1 0.6 1
8 0 0.32 1 0 0.32 1
Sp11 ; c = 30 ; f = 1
6 1000 0.5
1 1 0 1 1 0 1
2 1 0 1 1 0 1
3 1 0.78 1 1 0.78 1
4 1 1 1 1 1 1
5 1 0.84 1 1 0.84 1
6 0 0.5 1 0 0.5 1
Sp12 ; c = 30 ; f = 1
10 1000 0.5
1 1 0 1 1 0 1
2 1 0 1 1 0 1
3 1 0.55 1 1 0.55 1
4 1 0.87 1 1 0.87 1
5 1 1 1 1 1 1
6 1 0.98 1 1 0.98 1
7 1 0.85 1 1 0.85 1
8 1 0.65 1 1 0.65 1
9 0.99 0.43 1 0.99 0.43 1
10 0 0.22 1 0 0.22 1
Sp13 ; c = 30 ; f = 1
6 1000 0.5
1 1 0 1 1 0 1
2 1 0.78 1 1 0.78 1
3 1 1 1 1 1 1
4 1 0.84 1 1 0.84 1
5 1 0.5 1 1 0.5 1
6 0 0.16 1 0 0.16 1
Sp14 ; c = 30 ; f = 1
5 1000 0.5
1 1 0 1 1 0 1
2 1 0.89 1 1 0.89 1
3 1 1 1 1 1 1
4 1 0.67 1 1 0.67 1
5 0 0.22 1 0 0.22 1
Sp15 ; c = 30 ; f = 1
4 1000 0.5
1 1 0 1 1 0 1
2 1 1 1 1 1 1
3 1 0.89 1 1 0.89 1
4 0 0.33 1 0 0.33 1
Sp16 ; c = 30 ; f = 1
3 1000 0.5
1 1 0 1 1 0 1
2 1 1 1 1 1 1
3 0 0.5 1 0 0.5 1
