"Species";"Location";"Sample";"Heterozygosity_min";"Heterozygosity";"Heterozygosity_max";"Genome_Length_min";"Genome_Length";"Genome_Length_max";"Genome_Repeat_min";"Genome_Repeat";"Genome_Repeat_max";"Genome_Unique_min";"Genome_Unique";"Genome_Unique_max";"Model_Fit_min";"Model_Fit";"Model_Fit_max";"Read_error_rate_min";"Read_error_rate";"Read_error_rate_max";"color";"loc_plot"
"Mmerl";"Li";"MmerlLi6";0.823286;0.824748;0.82621;608827272;608945080.5;609062889;185820897;185856853.5;185892810;423006375;423088227;423170079;95.0086;96.6766;98.3446;0.421293;0.421293;0.421293;"#CA0020";"1.Li"
"Mmerl";"Mu";"MmerlMu1";0.825639;0.8268145;0.82799;615051000;615181994;615312988;192304590;192345547;192386504;422746410;422836447;422926484;95.3134;96.9708;98.6282;0.443187;0.443187;0.443187;"#F4A582";"2.Mu"
"Mmerl";"Fa";"MmerlFa5";0.844728;0.8466295;0.848531;608504282;608624584;608744886;192949919;192988065.5;193026212;415554363;415636518.5;415718674;96.0548;97.719;99.3832;0.361026;0.361026;0.361026;"#92C5DE";"3.Fa"
"Mmerl";"Mu";"MmerlMu5";0.87888;0.8803575;0.881835;600366483;600485122.5;600603762;189418037;189455468;189492899;410948446;411029654;411110862;95.8004;97.54825;99.2961;0.33825;0.33825;0.33825;"#F4A582";"2.Mu"
"Mmerl";"Fa";"MmerlFa3";0.844714;0.846714;0.848714;609383628;609504598;609625568;193965080;194003584.5;194042089;415418548;415501013.5;415583479;95.9354;97.62195;99.3085;0.372156;0.372156;0.372156;"#92C5DE";"3.Fa"
"Mmerl";"Ga";"MmerlGa5";0.846951;0.8480955;0.84924;603824562;603952532;604080502;189344637;189384765.5;189424894;414479924;414567766;414655608;95.8764;97.51915;99.1619;0.332003;0.332003;0.332003;"#0571B0";"4.Ga"
"Mmerl";"Ga";"MmerlGa4";0.842749;0.843919;0.845089;608258595;608391159;608523723;193565121;193607306.5;193649492;414693475;414783853;414874231;96.0935;97.7315;99.3695;0.328971;0.328971;0.328971;"#0571B0";"4.Ga"
"Mmerl";"Li";"MmerlLi2";0.794702;0.7978265;0.800951;620555353;620699843.5;620844334;200769181;200815928;200862675;419786172;419883915;419981658;96.2024;97.9167;99.631;0.30438;0.30438;0.30438;"#CA0020";"1.Li"
"Mmerl";"Ga";"MmerlGa6";0.84945;0.8512395;0.853029;602983170;603099816.5;603216463;188577665;188614145;188650625;414405505;414485671.5;414565838;95.7707;97.4401;99.1095;0.332912;0.332912;0.332912;"#0571B0";"4.Ga"
"Mmerl";"Ga";"MmerlGa3";0.891092;0.8923335;0.893575;599825684;599957919.5;600090155;192327764;192370164;192412564;407497920;407587755.5;407677591;95.7705;97.4401;99.1097;0.414065;0.414065;0.414065;"#0571B0";"4.Ga"
"Mmerl";"Mu";"MmerlMu3";0.851504;0.8527125;0.853921;610330371;610460864.5;610591358;198325012;198367416;198409820;412005358;412093448.5;412181539;95.899;97.57785;99.2567;0.388672;0.388672;0.388672;"#F4A582";"2.Mu"
"Mmerl";"Ga";"MmerlGa2";0.84297;0.844099;0.845228;606519593;606645061.5;606770530;191904254;191943952.5;191983651;414615339;414701109;414786879;95.8507;97.49605;99.1414;0.34767;0.34767;0.34767;"#0571B0";"4.Ga"
"Mmerl";"Mu";"MmerlMu4";0.843086;0.8443095;0.845533;608143794;608273485.5;608403177;196010734;196052535;196094336;412133060;412220951;412308842;96.0236;97.73795;99.4523;0.311467;0.311467;0.311467;"#F4A582";"2.Mu"
"Mmerl";"Fa";"MmerlFa6";0.839116;0.840376;0.841636;615267806;615399361;615530916;199543086;199585751.5;199628417;415724721;415813609.5;415902498;96.0301;97.7317;99.4333;0.363096;0.363096;0.363096;"#92C5DE";"3.Fa"
"Mmerl";"Fa";"MmerlFa1";0.829201;0.830431;0.831661;619488913;619622721;619756529;201771541;201815123;201858705;417717372;417807597.5;417897823;96.3985;98.064;99.7295;0.336069;0.336069;0.336069;"#92C5DE";"3.Fa"
"Mmerl";"Fa";"MmerlFa2";0.851401;0.852602;0.853803;611407297;611537015.5;611666734;197632436;197674366.5;197716297;413774861;413862649;413950437;96.0124;97.73085;99.4493;0.341983;0.341983;0.341983;"#92C5DE";"3.Fa"
"Mmerl";"Li";"MmerlLi3";0.813909;0.8152885;0.816668;622544640;622681431.5;622818223;205563267;205608435.5;205653604;416981372;417072995.5;417164619;96.1866;97.89175;99.5969;0.323787;0.323787;0.323787;"#CA0020";"1.Li"
"Styph";"Ga";"StyphGa2";0.462092;0.4638095;0.465527;297876199;297956748;298037297;40351793;40362704.5;40373616;257524406;257594043;257663680;94.666;95.23115;95.7963;0.233847;0.233847;0.233847;"#0571B0";"4.Ga"
"Mmerl";"Li";"MmerlLi4";0.90638;0.9077535;0.909127;606652887;606805198.5;606957510;200309720;200360011.5;200410303;406343167;406445187;406547207;95.8225;97.5001;99.1777;0.328014;0.328014;0.328014;"#CA0020";"1.Li"
"Spilc";"Li";"SpilcLi3";1.41613;1.417255;1.41838;756639415;756805817;756972219;209716384;209762505;209808626;546923032;547043312.5;547163593;97.1699;98.37115;99.5724;0.362434;0.362434;0.362434;"#CA0020";"1.Li"
"Spilc";"Mu";"SpilcMu1";1.49903;1.500415;1.5018;749617478;749822206.5;750026935;210498748;210556237.5;210613727;539118730;539265969;539413208;97.0367;98.2675;99.4983;0.3031;0.3031;0.3031;"#F4A582";"2.Mu"
"Spilc";"Mu";"SpilcMu4";1.44496;1.446285;1.44761;754259483;754454890;754650297;212875379;212930529;212985679;541384104;541524361;541664618;97.1891;98.39235;99.5956;0.335067;0.335067;0.335067;"#F4A582";"2.Mu"
"Styph";"Ga";"StyphGa1";0.398676;0.3997025;0.400729;304439427;304485202.5;304530978;46537280;46544277;46551274;257902147;257940925;257979703;96.2151;96.81165;97.4082;0.232493;0.232493;0.232493;"#0571B0";"4.Ga"
"Styph";"Fa";"StyphFa3";0.922715;0.924559;0.926403;301427055;301520543;301614031;44755903;44769784;44783665;256671152;256750759;256830366;95.6512;96.20605;96.7609;0.257051;0.257051;0.257051;"#92C5DE";"3.Fa"
"Styph";"Fa";"StyphFa4";0.796579;0.797311;0.798043;320394717;320432327.5;320469938;66164237;66172003.5;66179770;254230480;254260323.5;254290167;97.0001;97.6395;98.2789;0.235576;0.235576;0.235576;"#92C5DE";"3.Fa"
"Mmerl";"Li";"MmerlLi5";0.836468;0.8378615;0.839255;614898766;615032729.5;615166693;200598256;200641959;200685662;414300510;414390770.5;414481031;96.0745;97.79565;99.5168;0.35579;0.35579;0.35579;"#CA0020";"1.Li"
"Spilc";"Li";"SpilcLi2";1.3727;1.373815;1.37493;749512931;749675775;749838619;205809628;205854344;205899060;543703302;543821431;543939560;97.2237;98.41245;99.6012;0.37057;0.37057;0.37057;"#CA0020";"1.Li"
"Styph";"Li";"StyphLi3";0.91996;0.920395;0.92083;318823826;318845729;318867632;62908294;62912615.5;62916937;255915532;255933113.5;255950695;97.8891;98.52595;99.1628;0.219021;0.219021;0.219021;"#CA0020";"1.Li"
"Spilc";"Li";"SpilcLi5";1.33512;1.336275;1.33743;758173075;758341090.5;758509106;212057465;212104458;212151451;546115610;546236632.5;546357655;97.1845;98.38595;99.5874;0.343733;0.343733;0.343733;"#CA0020";"1.Li"
"Styph";"Ga";"StyphGa5";0.417588;0.418157;0.418726;311776973;311803038;311829103;54492347;54496902.5;54501458;257284626;257306135.5;257327645;97.3889;98.03895;98.689;0.211155;0.211155;0.211155;"#0571B0";"4.Ga"
"Styph";"Li";"StyphLi1";0.920192;0.9205965;0.921001;317987662;318007873;318028084;60926807;60930679.5;60934552;257060855;257077193.5;257093532;98.0811;98.72035;99.3596;0.247639;0.247639;0.247639;"#CA0020";"1.Li"
"Spilc";"Li";"SpilcLi4";1.37297;1.37415;1.37533;759567046;759737336.5;759907627;211121137;211168469;211215801;548445909;548568867.5;548691826;97.1224;98.30695;99.4915;0.337316;0.337316;0.337316;"#CA0020";"1.Li"
"Styph";"Fa";"StyphFa2";0.816084;0.8169;0.817716;308679525;308717383.5;308755242;52248430;52254838.5;52261247;256431094;256462544.5;256493995;97.3125;97.9055;98.4985;0.212657;0.212657;0.212657;"#92C5DE";"3.Fa"
"Styph";"Fa";"StyphFa6";0.811157;0.812208;0.813259;305482204;305529342.5;305576481;48479492;48486973;48494454;257002712;257042369.5;257082027;96.9569;97.52085;98.0848;0.214168;0.214168;0.214168;"#92C5DE";"3.Fa"
"Spilc";"Li";"SpilcLi6";1.27797;1.279095;1.28022;758407856;758574525.5;758741195;210065742;210111906.5;210158071;548342115;548462620;548583125;97.1531;98.3914;99.6297;0.295685;0.295685;0.295685;"#CA0020";"1.Li"
"Styph";"Fa";"StyphFa5";0.810822;0.811753;0.812684;309969035;310012117;310055199;52567243;52574549.5;52581856;257401792;257437567.5;257473343;97.0983;97.7037;98.3091;0.224772;0.224772;0.224772;"#92C5DE";"3.Fa"
"Styph";"Ga";"StyphGa6";0.4435;0.4450185;0.446537;297641768;297710168.5;297778569;39897033;39906201.5;39915370;257744735;257803967;257863199;95.2103;95.74345;96.2766;0.24304;0.24304;0.24304;"#0571B0";"4.Ga"
"Spilc";"Fa";"SpilcFa5";1.40825;1.40959;1.41093;773656378;773859212.5;774062047;224912872;224971839;225030806;548743506;548887373.5;549031241;97.2441;98.51085;99.7776;0.354303;0.354303;0.354303;"#92C5DE";"3.Fa"
"Spilc";"Mu";"SpilcMu3";1.53494;1.537;1.53906;766135977;766388030.5;766640084;227503679;227578526;227653373;538632298;538809504.5;538986711;96.9673;98.29125;99.6152;0.4522;0.4522;0.4522;"#F4A582";"2.Mu"
"Spilc";"Fa";"SpilcFa3";1.33929;1.340575;1.34186;777356852;777550465;777744078;224930890;224986912.5;225042935;552425962;552563552.5;552701143;97.4332;98.61925;99.8053;0.293371;0.293371;0.293371;"#92C5DE";"3.Fa"
"Mmerl";"Mu";"MmerlMu2";0.832877;0.8350145;0.837152;636365143;636549723;636734303;213879742;213941778.5;214003815;422485401;422607944;422730487;95.8614;97.59605;99.3307;0.51659;0.51659;0.51659;"#F4A582";"2.Mu"
"Spilc";"Mu";"SpilcMu2";1.47325;1.474785;1.47632;751793953;752008919.5;752223886;211112937;211173302.5;211233668;540681015;540835616.5;540990218;97.1671;98.35805;99.549;0.320349;0.320349;0.320349;"#F4A582";"2.Mu"
"Cgale";"Mu";"CgaleMu5";0.594248;0.5947385;0.595229;720447058;720500443.5;720553829;132803633;132813474;132823315;587643425;587686969.5;587730514;98.3527;99.0449;99.7371;0.240838;0.240838;0.240838;"#F4A582";"2.Mu"
"Spilc";"Ga";"SpilcGa3";1.65706;1.65899;1.66092;742405395;742686568.5;742967742;215631515;215713182;215794849;526773880;526973386.5;527172893;97.0162;98.28865;99.5611;0.358216;0.358216;0.358216;"#0571B0";"4.Ga"
"Styph";"Li";"StyphLi4";0.924424;0.924806;0.925188;317022007;317041700.5;317061394;60958417;60962203.5;60965990;256063590;256079497;256095404;98.0996;98.7319;99.3642;0.224711;0.224711;0.224711;"#CA0020";"1.Li"
"Styph";"Li";"StyphLi5";0.969471;0.970732;0.971993;303695972;303753196;303810420;45860758;45869399.5;45878041;257835214;257883796.5;257932379;96.8399;97.40415;97.9684;0.314673;0.314673;0.314673;"#CA0020";"1.Li"
"Cgale";"Li";"CgaleLi3";0.61789;0.6185405;0.619191;721834363;721892868.5;721951374;135070594;135081541.5;135092489;586763769;586811327;586858885;98.3798;99.09045;99.8011;0.298223;0.298223;0.298223;"#CA0020";"1.Li"
"Spilc";"Mu";"SpilcMu6";1.39916;1.40057;1.40198;763189533;763396395;763603257;218230558;218289709;218348860;544958975;545106686;545254397;97.2786;98.5165;99.7544;0.302511;0.302511;0.302511;"#F4A582";"2.Mu"
"Spilc";"Fa";"SpilcFa6";1.41196;1.41341;1.41486;774959328;775172524.5;775385721;224980535;225042428.5;225104322;549978793;550130095.5;550281398;97.2223;98.48755;99.7528;0.34261;0.34261;0.34261;"#92C5DE";"3.Fa"
"Cgale";"Li";"CgaleLi1";0.611584;0.612287;0.61299;723455386;723516182.5;723576979;136445973;136457439.5;136468906;587009413;587058743.5;587108074;98.3854;99.0849;99.7844;0.29584;0.29584;0.29584;"#CA0020";"1.Li"
"Styph";"Li";"StyphLi6";1.01185;1.01311;1.01437;304540632;304602306;304663980;46568968;46578398.5;46587829;257971665;258023908;258076151;96.8136;97.3757;97.9378;0.321994;0.321994;0.321994;"#CA0020";"1.Li"
"Spilc";"Ga";"SpilcGa1";1.56097;1.5632;1.56543;762200736;762484574;762768412;226699407;226783828;226868249;535501329;535700746;535900163;97.1575;98.431;99.7045;0.44875;0.44875;0.44875;"#0571B0";"4.Ga"
"Spilc";"Ga";"SpilcGa5";1.59047;1.592515;1.59456;746363605;746634977.5;746906350;216773705;216852522.5;216931340;529589900;529782455;529975010;97.1795;98.4334;99.6873;0.383263;0.383263;0.383263;"#0571B0";"4.Ga"
"Styph";"Mu";"StyphMu4";0.965034;0.966604;0.968174;300482273;300554423;300626573;43634122;43644599.5;43655077;256848151;256909823.5;256971496;96.2963;96.8343;97.3723;0.203927;0.203927;0.203927;"#F4A582";"2.Mu"
"Spilc";"Ga";"SpilcGa4";1.85458;1.895515;1.93645;754027279;755270115;756512951;216794471;217151805.5;217509140;537232808;538118309.5;539003811;93.8182;94.90095;95.9837;0.487279;0.487279;0.487279;"#0571B0";"4.Ga"
"Styph";"Mu";"StyphMu1";0.894193;0.8949595;0.895726;307539560;307575555;307611550;49779412;49785238;49791064;257760149;257790317.5;257820486;97.5986;98.1782;98.7578;0.22223;0.22223;0.22223;"#F4A582";"2.Mu"
"Styph";"Ga";"StyphGa4";0.551454;0.552388;0.553322;311349360;311393779;311438198;54021572;54029279;54036986;257327789;257364500.5;257401212;97.222;97.84205;98.4621;0.548224;0.548224;0.548224;"#0571B0";"4.Ga"
"Cjuli";"Fa";"CjuliFa3";1.12014;1.120725;1.12131;730053043;730133592.5;730214142;149290752;149307224;149323696;580762291;580826368.5;580890446;98.0887;98.9417;99.7947;0.229473;0.229473;0.229473;"#92C5DE";"3.Fa"
"Styph";"Mu";"StyphMu5";0.896577;0.8977855;0.898994;302875848;302930394.5;302984941;44716714;44724767;44732820;258159134;258205627.5;258252121;96.823;97.36835;97.9137;0.269517;0.269517;0.269517;"#F4A582";"2.Mu"
"Spilc";"Ga";"SpilcGa6";1.89964;1.97076;2.04188;780930547;782797554;784664561;232976798;233533786.5;234090775;547953749;549263767.5;550573786;92.7537;93.96815;95.1826;0.58573;0.58573;0.58573;"#0571B0";"4.Ga"
"Spilc";"Fa";"SpilcFa4";1.34552;1.347235;1.34895;782195444;782426844.5;782658245;230656066;230724302.5;230792539;551539377;551702541.5;551865706;97.3619;98.58865;99.8154;0.37137;0.37137;0.37137;"#92C5DE";"3.Fa"
"Styph";"Mu";"StyphMu2";0.929738;0.9314315;0.933125;296794163;296870404;296946645;39641570;39651753;39661936;257152594;257218651.5;257284709;95.9492;96.4636;96.978;0.223608;0.223608;0.223608;"#F4A582";"2.Mu"
"Cgale";"Li";"CgaleLi2";0.626671;0.627612;0.628553;722773290;722848808.5;722924327;136898345;136912649;136926953;585874945;585936160;585997375;98.4023;99.10405;99.8058;0.296949;0.296949;0.296949;"#CA0020";"1.Li"
"Spilc";"Fa";"SpilcFa1";1.32931;1.331;1.33269;776110900;776335501;776560102;225057765;225122895;225188025;551053135;551212606;551372077;97.4;98.612;99.824;0.284117;0.284117;0.284117;"#92C5DE";"3.Fa"
"Hgutt";"Li";"HguttLi3";0.259811;0.2604035;0.260996;415604650;415636917.5;415669185;48631147;48634922.5;48638698;366973503;367001995;367030487;97.6567;98.15455;98.6524;0.556424;0.556424;0.556424;"#CA0020";"1.Li"
"Cjuli";"Li";"CjuliLi6";1.19658;1.19719;1.1978;730671331;730756046.5;730840762;150262122;150279543.5;150296965;580409209;580476503;580543797;98.0632;98.9248;99.7864;0.208502;0.208502;0.208502;"#CA0020";"1.Li"
"Styph";"Mu";"StyphMu3";0.92854;0.9300305;0.931521;303075266;303146463.5;303217661;45744331;45755077;45765823;257330935;257391386.5;257451838;96.432;96.97805;97.5241;0.205956;0.205956;0.205956;"#F4A582";"2.Mu"
"Cjuli";"Li";"CjuliLi2";1.22459;1.225235;1.22588;732336115;732428061;732520007;151382616;151401622.5;151420629;580953499;581026438.5;581099378;98.0814;98.9347;99.788;0.226294;0.226294;0.226294;"#CA0020";"1.Li"
"Hgutt";"Li";"HguttLi6";0.397243;0.3978215;0.3984;468779327;468807650;468835973;73012913;73017324.5;73021736;395766413;395790325;395814237;97.8651;98.56075;99.2564;0.660368;0.660368;0.660368;"#CA0020";"1.Li"
"Cgale";"Li";"CgaleLi5";0.605929;0.606739;0.607549;728632627;728704147.5;728775668;141061397;141075243;141089089;587571230;587628904.5;587686579;98.4541;99.15295;99.8518;0.238074;0.238074;0.238074;"#CA0020";"1.Li"
"Cjuli";"Fa";"CjuliFa2";1.11807;1.118745;1.11942;736997953;737091859;737185765;154821802;154841529;154861256;582176151;582250330.5;582324510;98.1072;98.92975;99.7523;0.239181;0.239181;0.239181;"#92C5DE";"3.Fa"
"Cjuli";"Fa";"CjuliFa5";1.10118;1.101855;1.10253;735827320;735916458.5;736005597;153585733;153604338.5;153622944;582241587;582312120;582382653;98.0991;98.9536;99.8081;0.247711;0.247711;0.247711;"#92C5DE";"3.Fa"
"Hgutt";"Mu";"HguttMu1";0.312267;0.312902;0.313537;440369098;440410361.5;440451625;52603209;52608138;52613067;387765889;387802223.5;387838558;97.8054;98.301;98.7966;0.60072;0.60072;0.60072;"#F4A582";"2.Mu"
"Cgale";"Mu";"CgaleMu4";0.601917;0.6027115;0.603506;721582698;721648492;721714286;135377157;135389500.5;135401844;586205541;586258991;586312441;98.3988;99.07315;99.7475;0.239692;0.239692;0.239692;"#F4A582";"2.Mu"
"Hgutt";"Li";"HguttLi4";0.24287;0.2434165;0.243963;416344489;416375300.5;416406112;49432280;49435938;49439596;366912210;366939363;366966516;97.7565;98.26035;98.7642;0.386938;0.386938;0.386938;"#CA0020";"1.Li"
"Cjuli";"Mu";"CjuliMu6";1.24724;1.247915;1.24859;727420966;727513800;727606634;146363593;146382272;146400951;581057373;581131528;581205683;98.0995;98.92935;99.7592;0.241203;0.241203;0.241203;"#F4A582";"2.Mu"
"Cjuli";"Fa";"CjuliFa4";1.15441;1.155135;1.15586;736709385;736810479;736911573;155814094;155835475;155856856;580895292;580975004;581054716;97.9872;98.89435;99.8015;0.234683;0.234683;0.234683;"#92C5DE";"3.Fa"
"Cjuli";"Ga";"CjuliGa5";1.14082;1.14161;1.1424;733839888;733941190;734042492;152682566;152703643;152724720;581157322;581237547;581317772;98.1038;98.95525;99.8067;0.256516;0.256516;0.256516;"#0571B0";"4.Ga"
"Cjuli";"Fa";"CjuliFa1";1.13324;1.13399;1.13474;732637062;732734139.5;732831217;152162743;152182905;152203067;580474320;580551235;580628150;98.0223;98.8737;99.7251;0.245914;0.245914;0.245914;"#92C5DE";"3.Fa"
"Cjuli";"Mu";"CjuliMu4";1.21744;1.21814;1.21884;728637218;728735018.5;728832819;150253181;150273348.5;150293516;578384037;578461670;578539303;98.1217;98.983;99.8443;0.210125;0.210125;0.210125;"#F4A582";"2.Mu"
"Cjuli";"Ga";"CjuliGa3";1.16406;1.16484;1.16562;727876395;727977601.5;728078808;148942990;148963700;148984410;578933404;579013901;579094398;98.049;98.8914;99.7338;0.268914;0.268914;0.268914;"#0571B0";"4.Ga"
"Hgutt";"Li";"HguttLi5";0.260314;0.260724;0.261134;419956927;419981999;420007071;52060231;52063339;52066447;367896697;367918660.5;367940624;98.1;98.59375;99.0875;0.30881;0.30881;0.30881;"#CA0020";"1.Li"
"Scant";"Ga";"ScantGa5";0.476985;0.4775535;0.478122;771271399;771336888;771402377;142112141;142124208;142136275;629159258;629212680.5;629266103;98.0881;98.92855;99.769;0.178039;0.178039;0.178039;"#0571B0";"4.Ga"
"Cjuli";"Mu";"CjuliMu1";1.30731;1.30805;1.30879;728719816;728824498;728929180;152179934;152201795;152223656;576539882;576622703;576705524;98.0989;98.96685;99.8348;0.2238;0.2238;0.2238;"#F4A582";"2.Mu"
"Hgutt";"Mu";"HguttMu5";0.325079;0.3254395;0.3258;423970148;423988573.5;424006999;53707151;53709485;53711819;370262997;370279088.5;370295180;98.4761;98.99455;99.513;0.511761;0.511761;0.511761;"#F4A582";"2.Mu"
"Cjuli";"Li";"CjuliLi3";1.25784;1.258605;1.25937;733745986;733853468.5;733960951;152731516;152753888.5;152776261;581014470;581099580;581184690;98.0661;98.91055;99.755;0.220396;0.220396;0.220396;"#CA0020";"1.Li"
"Cjuli";"Mu";"CjuliMu5";1.23064;1.231485;1.23233;732103291;732218250;732333209;153234168;153258229.5;153282291;578869123;578960020.5;579050918;98.0857;98.9301;99.7745;0.240183;0.240183;0.240183;"#F4A582";"2.Mu"
"Hgutt";"Mu";"HguttMu2";0.311789;0.312398;0.313007;418687210;418710724.5;418734239;51780555;51783463;51786371;366906655;366927261.5;366947868;98.173;98.69285;99.2127;0.463248;0.463248;0.463248;"#F4A582";"2.Mu"
"Cjuli";"Mu";"CjuliMu2";1.22597;1.226695;1.22742;730748536;730849525;730950514;151979015;152000018;152021021;578769522;578849507;578929492;98.1037;98.9741;99.8445;0.237495;0.237495;0.237495;"#F4A582";"2.Mu"
"Cgale";"Mu";"CgaleMu6";0.606146;0.6071305;0.608115;723207844;723282090;723356336;136127756;136141731;136155706;587080088;587140358.5;587200629;98.4209;99.11825;99.8156;0.239343;0.239343;0.239343;"#F4A582";"2.Mu"
"Cjuli";"Ga";"CjuliGa2";1.15203;1.15302;1.15401;730873107;730988969.5;731104832;152912017;152936257.5;152960498;577961090;578052712;578144334;98.0497;98.895;99.7403;0.268461;0.268461;0.268461;"#0571B0";"4.Ga"
"Cjuli";"Li";"CjuliLi1";1.17866;1.17938;1.1801;728604189;728702535;728800881;149437271;149457442;149477613;579166918;579245093;579323268;98.0881;98.9497;99.8113;0.225021;0.225021;0.225021;"#CA0020";"1.Li"
"Scine";"Li";"ScineLi4";0.562497;0.5630235;0.56355;596861458;596915353;596969248;86073235;86081007;86088779;510788223;510834346;510880469;98.1837;98.7132;99.2427;0.232512;0.232512;0.232512;"#CA0020";"1.Li"
"Scine";"Li";"ScineLi5";0.617044;0.6173905;0.617737;586492669;586527402;586562135;79502724;79507432.5;79512141;506989945;507019969.5;507049994;98.4542;99.0281;99.602;0.21579;0.21579;0.21579;"#CA0020";"1.Li"
"Scant";"Mu";"ScantMu2";0.419552;0.4202375;0.420923;771355218;771423367.5;771491517;141684727;141697244.5;141709762;629670492;629726123;629781754;98.1293;98.9323;99.7353;0.157833;0.157833;0.157833;"#F4A582";"2.Mu"
"Cjuli";"Ga";"CjuliGa1";1.1193;1.120245;1.12119;738610288;738726307;738842326;158842071;158867021;158891971;579768218;579859286;579950354;98.1172;98.98465;99.8521;0.227121;0.227121;0.227121;"#0571B0";"4.Ga"
"Scant";"Mu";"ScantMu1";0.460681;0.4612315;0.461782;773066351;773129232.5;773192114;143683234;143694921.5;143706609;629383117;629434311;629485505;98.1312;98.97965;99.8281;0.155712;0.155712;0.155712;"#F4A582";"2.Mu"
"Hgutt";"Li";"HguttLi1";0.254397;0.254774;0.255151;424394471;424409486;424424501;54686022;54687957;54689892;369708449;369721529;369734609;98.6454;99.15005;99.6547;0.457004;0.457004;0.457004;"#CA0020";"1.Li"
"Cjuli";"Ga";"CjuliGa4";1.14368;1.14488;1.14608;738203707;738328799.5;738453892;156169831;156196294.5;156222758;582033876;582132504.5;582231133;98.0909;98.9308;99.7707;0.26894;0.26894;0.26894;"#0571B0";"4.Ga"
"Cgale";"Mu";"CgaleMu1";0.603827;0.6047325;0.605638;725507831;725582887;725657943;139454114;139468541;139482968;586053716;586114345.5;586174975;98.4612;99.1535;99.8458;0.238998;0.238998;0.238998;"#F4A582";"2.Mu"
"Scant";"Ga";"ScantGa3";0.513441;0.5152635;0.517086;788840892;788965927;789090962;160534592;160560037.5;160585483;628306300;628405890;628505480;98.1094;98.9882;99.867;0.254367;0.254367;0.254367;"#0571B0";"4.Ga"
"Cjuli";"Li";"CjuliLi5";1.19917;1.20003;1.20089;734353244;734465789.5;734578335;154304177;154327825;154351473;580049067;580137964;580226861;98.055;98.9363;99.8176;0.224425;0.224425;0.224425;"#CA0020";"1.Li"
"Scant";"Ga";"ScantGa4";0.490196;0.490893;0.49159;772464983;772537561.5;772610140;143940454;143953978.5;143967503;628524528;628583582.5;628642637;98.0956;98.9053;99.715;0.173836;0.173836;0.173836;"#0571B0";"4.Ga"
"Scine";"Li";"ScineLi2";0.754971;0.7553115;0.755652;583360266;583395355;583430444;78616948;78621676.5;78626405;504743318;504773678.5;504804039;98.5447;99.1041;99.6635;0.209858;0.209858;0.209858;"#CA0020";"1.Li"
"Scant";"Mu";"ScantMu5";0.431488;0.4323095;0.433131;774112107;774187147;774262187;145213040;145227116.5;145241193;628899067;628960031;629020995;98.1484;98.96665;99.7849;0.166993;0.166993;0.166993;"#F4A582";"2.Mu"
"Scine";"Mu";"ScineMu1";0.717519;0.718009;0.718499;605891479;605944087.5;605996696;99272930;99281550;99290170;506618549;506662537.5;506706526;98.4164;98.9767;99.537;0.212013;0.212013;0.212013;"#F4A582";"2.Mu"
"Scant";"Li";"ScantLi2";0.440365;0.4411295;0.441894;773809944;773884523.5;773959103;145280269;145294271;145308273;628529675;628590252.5;628650830;98.1816;99.0227;99.8638;0.165013;0.165013;0.165013;"#CA0020";"1.Li"
"Peryt";"Fa";"PerytFa5";1.07828;1.07869;1.0791;730396111;730451106;730506101;114043648;114052235;114060822;616352463;616398871;616445279;98.3685;99.05735;99.7462;0.212374;0.212374;0.212374;"#92C5DE";"3.Fa"
"Scant";"Fa";"ScantFa3";0.494134;0.4948135;0.495493;777166608;777241366;777316124;148002124;148016360.5;148030597;629164484;629225005.5;629285527;98.1945;99.03405;99.8736;0.171318;0.171318;0.171318;"#92C5DE";"3.Fa"
"Scine";"Li";"ScineLi1";0.701427;0.702024;0.702621;599566062;599629932;599693802;89435341;89444868.5;89454396;510130721;510185063.5;510239406;98.0009;98.53395;99.067;0.216223;0.216223;0.216223;"#CA0020";"1.Li"
"Hgutt";"Mu";"HguttMu4";0.351499;0.3520325;0.352566;438259944;438279739.5;438299535;62096272;62099077;62101882;376163671;376180662;376197653;98.6832;99.1955;99.7078;0.548701;0.548701;0.548701;"#F4A582";"2.Mu"
"Scant";"Li";"ScantLi4";0.418024;0.4189155;0.419807;775555890;775634123;775712356;147308823;147323682.5;147338542;628247067;628310440.5;628373814;98.243;99.06135;99.8797;0.174394;0.174394;0.174394;"#CA0020";"1.Li"
"Scant";"Fa";"ScantFa5";0.492277;0.49299;0.493703;774387697;774465268.5;774542840;145488967;145503541;145518115;628898731;628961728.5;629024726;98.1099;98.9369;99.7639;0.167824;0.167824;0.167824;"#92C5DE";"3.Fa"
"Scine";"Ga";"ScineGa4";0.451005;0.451333;0.451661;582126408;582157525.5;582188643;76626803;76630899;76634995;505499604;505526625.5;505553647;98.4297;98.9931;99.5565;0.206634;0.206634;0.206634;"#0571B0";"4.Ga"
"Scant";"Li";"ScantLi1";0.431946;0.432721;0.433496;777593022;777672519;777752016;148452531;148467708;148482885;629140491;629204811;629269131;98.1663;98.9898;99.8133;0.148514;0.148514;0.148514;"#CA0020";"1.Li"
"Msurm";"Ga";"MsurmGa6";0.820469;0.828798;0.837127;595054254;595556973;596059692;160989978;161125987;161261996;434064276;434430986;434797696;97.9452;98.48405;99.0229;0.265529;0.265529;0.265529;"#0571B0";"4.Ga"
"Scant";"Li";"ScantLi3";0.427682;0.4283725;0.429063;773910331;773983175.5;774056020;145257782;145271454.5;145285127;628652549;628711721;628770893;98.2174;99.0359;99.8544;0.159705;0.159705;0.159705;"#CA0020";"1.Li"
"Cgale";"Li";"CgaleLi4";0.622256;0.62359;0.624924;725295247;725387740;725480233;139728638;139746457;139764276;585566609;585641283;585715957;98.4575;99.14105;99.8246;0.284066;0.284066;0.284066;"#CA0020";"1.Li"
"Hgutt";"Ga";"HguttGa3";0.286693;0.287157;0.287621;424600438;424623341;424646244;57681673;57684784.5;57687896;366918765;366938556.5;366958348;98.5323;99.0498;99.5673;0.4034;0.4034;0.4034;"#0571B0";"4.Ga"
"Scine";"Mu";"ScineMu2";0.719912;0.720338;0.720764;605801336;605843510;605885684;97934285;97941103;97947921;507867051;507902407;507937763;98.5749;99.19515;99.8154;0.251216;0.251216;0.251216;"#F4A582";"2.Mu"
"Cgale";"Fa";"CgaleFa1";0.571566;0.5722955;0.573025;703981453;704041825;704102197;116913549;116923575.5;116933602;587067904;587118249.5;587168595;98.4754;99.1234;99.7714;0.271425;0.271425;0.271425;"#92C5DE";"3.Fa"
"Scant";"Mu";"ScantMu6";0.42159;0.4223525;0.423115;771325069;771400954;771476839;142285354;142299352.5;142313351;629039715;629101601.5;629163488;98.1384;98.9416;99.7448;0.168702;0.168702;0.168702;"#F4A582";"2.Mu"
"Scant";"Mu";"ScantMu4";0.447761;0.4484065;0.449052;773565560;773636670;773707780;144239444;144252703;144265962;629326117;629383967.5;629441818;98.1696;99.00495;99.8403;0.170867;0.170867;0.170867;"#F4A582";"2.Mu"
"Peryt";"Ga";"PerytGa4";1.07188;1.07258;1.07328;729521312;729575962.5;729630613;112407983;112416404;112424825;617113329;617159559;617205789;98.4554;99.1287;99.802;0.246847;0.246847;0.246847;"#0571B0";"4.Ga"
"Lbude";"Mu";"LbudeMu6";0.181361;0.1816625;0.181964;739448560;739477890;739507220;94716601;94720357.5;94724114;644731959;644757532.5;644783106;98.6038;99.18945;99.7751;0.193479;0.193479;0.193479;"#F4A582";"2.Mu"
"Lbude";"Mu";"LbudeMu5";0.185339;0.1856715;0.186004;744383520;744416836.5;744450153;99671307;99675768;99680229;644712213;644741068.5;644769924;98.6061;99.207;99.8079;0.195071;0.195071;0.195071;"#F4A582";"2.Mu"
"Lbude";"Fa";"LbudeFa2";0.222866;0.223154;0.223442;736614314;736642892.5;736671471;91674860;91678417;91681974;644939454;644964475.5;644989497;98.7072;99.2591;99.811;0.202508;0.202508;0.202508;"#92C5DE";"3.Fa"
"Dpunt";"Mu";"DpuntMu5";1.19406;1.194815;1.19557;793067267;793179088.5;793290910;150091165;150112327.5;150133490;642976102;643066761;643157420;98.215;99.03185;99.8487;0.265971;0.265971;0.265971;"#F4A582";"2.Mu"
"Msurm";"Fa";"MsurmFa4";1.06407;1.06442;1.06477;509642352;509673679;509705006;65329522;65333537.5;65337553;444312830;444340141.5;444367453;98.7539;99.2517;99.7495;0.295907;0.295907;0.295907;"#92C5DE";"3.Fa"
"Scant";"Fa";"ScantFa1";0.496506;0.497272;0.498038;774149135;774228337;774307539;145903561;145918488;145933415;628245574;628309848.5;628374123;98.1992;99.01985;99.8405;0.160518;0.160518;0.160518;"#92C5DE";"3.Fa"
"Peryt";"Fa";"PerytFa4";1.09795;1.09845;1.09895;727547329;727617660;727687991;114460613;114471678;114482743;613086716;613145982.5;613205249;98.3711;99.01925;99.6674;0.199526;0.199526;0.199526;"#92C5DE";"3.Fa"
"Cgale";"Mu";"CgaleMu2";0.607085;0.6081035;0.609122;722108015;722183078.5;722258142;135435214;135449292.5;135463371;586672802;586733786.5;586794771;98.463;99.13795;99.8129;0.243803;0.243803;0.243803;"#F4A582";"2.Mu"
"Lbude";"Fa";"LbudeFa1";0.218278;0.21855;0.218822;733055285;733082913;733110541;88027142;88030459.5;88033777;645028143;645052453.5;645076764;98.7098;99.262;99.8142;0.189384;0.189384;0.189384;"#92C5DE";"3.Fa"
"Lmorm";"Mu";"LmormMu6";0.560724;0.5610945;0.561465;712518598;712562505;712606412;90778633;90784227;90789821;621739965;621778278;621816591;98.5304;99.0394;99.5484;0.236542;0.236542;0.236542;"#F4A582";"2.Mu"
"Scant";"Fa";"ScantFa4";0.49097;0.4916935;0.492417;772394071;772467488;772540905;143944301;143957983;143971665;628449770;628509505;628569240;98.0996;98.9374;99.7752;0.170553;0.170553;0.170553;"#92C5DE";"3.Fa"
"Lbude";"Fa";"LbudeFa4";0.222805;0.2230695;0.223334;736606620;736634725;736662830;91306702;91310185.5;91313669;645299918;645324539.5;645349161;98.6891;99.24845;99.8078;0.184595;0.184595;0.184595;"#92C5DE";"3.Fa"
"Dpunt";"Ga";"DpuntGa3";0.49854;0.4992835;0.500027;788254604;788331962;788409320;142010097;142024033.5;142037970;646244507;646307928;646371349;98.2649;99.0331;99.8013;0.271534;0.271534;0.271534;"#0571B0";"4.Ga"
"Msurm";"Ga";"MsurmGa5";1.17024;1.170785;1.17133;508352864;508408057.5;508463251;69354779;69362309;69369839;438998084;439045748;439093412;98.7934;99.24035;99.6873;0.293137;0.293137;0.293137;"#0571B0";"4.Ga"
"Scant";"Ga";"ScantGa2";0.511406;0.512692;0.513978;780614234;780720731.5;780827229;153817498;153838483;153859468;626796736;626882248.5;626967761;98.1942;99.0412;99.8882;0.203093;0.203093;0.203093;"#0571B0";"4.Ga"
"Scant";"Fa";"ScantFa2";0.495659;0.4963715;0.497084;772588141;772664360.5;772740580;144416641;144430888.5;144445136;628171500;628233472;628295444;98.2054;99.0302;99.855;0.161002;0.161002;0.161002;"#92C5DE";"3.Fa"
"Cgale";"Ga";"CgaleGa5";0.588154;0.589025;0.589896;704913518;704977026.5;705040535;119379498;119390253.5;119401009;585534020;585586773;585639526;98.4208;99.09295;99.7651;0.320076;0.320076;0.320076;"#0571B0";"4.Ga"
"Msurm";"Ga";"MsurmGa3";1.1642;1.16502;1.16584;515304338;515383745;515463152;78085126;78097159;78109192;437219212;437286586;437353960;98.7466;99.15965;99.5727;0.288415;0.288415;0.288415;"#0571B0";"4.Ga"
"Peryt";"Fa";"PerytFa3";1.07457;1.075005;1.07544;729432413;729490915.5;729549418;113253316;113262399.5;113271483;616179097;616228516;616277935;98.2982;98.9717;99.6452;0.213216;0.213216;0.213216;"#92C5DE";"3.Fa"
"Lbude";"Mu";"LbudeMu4";0.238462;0.2387565;0.239051;736181693;736210856.5;736240020;89341578;89345117.5;89348657;646840115;646865739;646891363;98.6801;99.246;99.8119;0.211961;0.211961;0.211961;"#F4A582";"2.Mu"
"Lbude";"Li";"LbudeLi3";0.223301;0.2235925;0.223884;736009996;736039201.5;736068407;90762131;90765732.5;90769334;645247866;645273469.5;645299073;98.7361;99.28585;99.8356;0.173589;0.173589;0.173589;"#CA0020";"1.Li"
"Lbude";"Ga";"LbudeGa1";0.238471;0.238798;0.239125;735729935;735761594.5;735793254;92403108;92407084.5;92411061;643326826;643354509.5;643382193;98.6347;99.1876;99.7405;0.231831;0.231831;0.231831;"#0571B0";"4.Ga"
"Lbude";"Ga";"LbudeGa3";0.230718;0.2311375;0.231557;738950760;738988111;739025462;93861035;93865779.5;93870524;645089725;645122332;645154939;98.6322;99.19245;99.7527;0.183866;0.183866;0.183866;"#0571B0";"4.Ga"
"Dlabr";"Ga";"DlabrGa2";0.376646;0.3770105;0.377375;671633320;671670726.5;671708133;88869217;88874166.5;88879116;582764103;582796560;582829017;98.4157;98.9991;99.5825;0.213185;0.213185;0.213185;"#0571B0";"4.Ga"
"Msurm";"Fa";"MsurmFa5";1.08248;1.083035;1.08359;512227048;512268304.5;512309561;68996892;69002449.5;69008007;443230156;443265855;443301554;98.6677;99.2054;99.7431;0.289835;0.289835;0.289835;"#92C5DE";"3.Fa"
"Dlabr";"Ga";"DlabrGa3";0.387893;0.388246;0.388599;671610751;671647583;671684415;88830114;88834986;88839858;582780637;582812597.5;582844558;98.6701;99.22065;99.7712;0.225149;0.225149;0.225149;"#0571B0";"4.Ga"
"Ssard";"Fa";"SsardFa6";0.832731;0.8331655;0.8336;708274154;708328599;708383044;102898102;102906011.5;102913921;605376053;605422588;605469123;98.5869;99.163;99.7391;0.248682;0.248682;0.248682;"#92C5DE";"3.Fa"
"Msurm";"Fa";"MsurmFa3";1.05478;1.05523;1.05568;512407924;512443716;512479508;67897965;67902708;67907451;444509959;444541008;444572057;98.6419;99.17845;99.715;0.287831;0.287831;0.287831;"#92C5DE";"3.Fa"
"Hgutt";"Mu";"HguttMu3";0.425123;0.4258815;0.42664;421880535;421927188.5;421973842;63403764;63410775.5;63417787;358476771;358516413;358556055;98.4905;99.0083;99.5261;0.663103;0.663103;0.663103;"#F4A582";"2.Mu"
"Peryt";"Ga";"PerytGa2";1.11981;1.120435;1.12106;727686434;727774843.5;727863253;118725757;118740181.5;118754606;608960677;609034662;609108647;98.227;98.8658;99.5046;0.236719;0.236719;0.236719;"#0571B0";"4.Ga"
"Cgale";"Ga";"CgaleGa3";0.606009;0.606993;0.607977;701819137;701892797;701966457;117773430;117785791;117798152;584045707;584107006;584168305;98.4017;99.07845;99.7552;0.331574;0.331574;0.331574;"#0571B0";"4.Ga"
"Ssard";"Ga";"SsardGa3";0.803493;0.8040295;0.804566;719287818;719354030;719420242;112161639;112171963.5;112182288;607126179;607182066;607237953;98.5917;99.10235;99.613;0.240361;0.240361;0.240361;"#0571B0";"4.Ga"
"Dlabr";"Ga";"DlabrGa4";0.37996;0.380342;0.380724;671767287;671805554;671843821;89016174;89021245;89026316;582751113;582784309;582817505;98.5043;99.0778;99.6513;0.233896;0.233896;0.233896;"#0571B0";"4.Ga"
"Lbude";"Ga";"LbudeGa4";0.234139;0.2345055;0.234872;739702014;739736908;739771802;94641670;94646134.5;94650599;645060344;645090773;645121202;98.6323;99.21155;99.7908;0.214235;0.214235;0.214235;"#0571B0";"4.Ga"
"Msurm";"Ga";"MsurmGa2";1.06658;1.066955;1.06733;508811558;508843536.5;508875515;64331802;64335845;64339888;444479756;444507691.5;444535627;98.7963;99.30525;99.8142;0.303043;0.303043;0.303043;"#0571B0";"4.Ga"
"Msurm";"Li";"MsurmLi3";1.1521;1.152905;1.15371;520914693;520993912.5;521073132;83037226;83049854.5;83062483;437877466;437944057.5;438010649;98.7297;99.1566;99.5835;0.305204;0.305204;0.305204;"#CA0020";"1.Li"
"Msurm";"Ga";"MsurmGa1";1.07401;1.074405;1.0748;509644364;509676665.5;509708967;65548250;65552404.5;65556559;444096114;444124261;444152408;98.6606;99.19955;99.7385;0.308302;0.308302;0.308302;"#0571B0";"4.Ga"
"Scant";"Ga";"ScantGa1";0.484602;0.4852445;0.485887;770085787;770159193;770232599;141837514;141851034;141864554;628248273;628308159;628368045;98.1216;98.96985;99.8181;0.169176;0.169176;0.169176;"#0571B0";"4.Ga"
"Peryt";"Li";"PerytLi3";1.1124;1.112975;1.11355;728617028;728698481.5;728779935;118114832;118128036.5;118141241;610502195;610570444.5;610638694;98.2801;98.93985;99.5996;0.215731;0.215731;0.215731;"#CA0020";"1.Li"
"Dlabr";"Li";"DlabrLi5";0.354374;0.354731;0.355088;673869940;673905578.5;673941217;90540511;90545299.5;90550088;583329429;583360279;583391129;98.67;99.23605;99.8021;0.214735;0.214735;0.214735;"#CA0020";"1.Li"
"Lbude";"Mu";"LbudeMu1";0.23982;0.2404315;0.241043;744589619;744634296;744678973;99996270;100002270;100008270;644593349;644632026;644670703;98.7566;99.31865;99.8807;0.173692;0.173692;0.173692;"#F4A582";"2.Mu"
"Lbude";"Ga";"LbudeGa6";0.226571;0.226916;0.227261;737774581;737807833;737841085;92644971;92649146.5;92653322;645129611;645158687;645187763;98.6579;99.23165;99.8054;0.201278;0.201278;0.201278;"#0571B0";"4.Ga"
"Lbude";"Mu";"LbudeMu3";0.226388;0.2266905;0.226993;737885917;737917296;737948675;92705954;92709896;92713838;645179963;645207400;645234837;98.6355;99.20945;99.7834;0.1784;0.1784;0.1784;"#F4A582";"2.Mu"
"Ssard";"Li";"SsardLi4";0.851727;0.8521605;0.852594;705350154;705406536.5;705462919;101969110;101977260.5;101985411;603381045;603429276.5;603477508;98.6944;99.23995;99.7855;0.224103;0.224103;0.224103;"#CA0020";"1.Li"
"Scabr";"Li";"ScabrLi2";1.15615;1.15714;1.15813;641647039;641751192.5;641855346;83760666;83774262;83787858;557886373;557976930.5;558067488;97.7514;98.1956;98.6398;0.216122;0.216122;0.216122;"#CA0020";"1.Li"
"Ssard";"Mu";"SsardMu2";0.864125;0.8645935;0.865062;707310238;707370184.5;707430131;106250821;106259826;106268831;601059416;601110357.5;601161299;98.7768;99.33085;99.8849;0.233851;0.233851;0.233851;"#F4A582";"2.Mu"
"Lmorm";"Ga";"LmormGa4";0.543556;0.5438955;0.544235;709765632;709806199;709846766;89192450;89197548;89202646;620573182;620608651;620644120;98.6061;99.1112;99.6163;0.239939;0.239939;0.239939;"#0571B0";"4.Ga"
"Dlabr";"Mu";"DlabrMu6";0.332534;0.3329545;0.333375;675397658;675435901;675474144;92470878;92476114;92481350;582926780;582959787;582992794;98.554;99.13995;99.7259;0.228473;0.228473;0.228473;"#F4A582";"2.Mu"
"Msurm";"Li";"MsurmLi4";1.1163;1.116725;1.11715;507437545;507479241.5;507520938;64784919;64790242.5;64795566;442652626;442688999;442725372;98.765;99.25105;99.7371;0.322312;0.322312;0.322312;"#CA0020";"1.Li"
"Dpunt";"Ga";"DpuntGa4";0.465054;0.4657475;0.466441;783681523;783749705;783817887;135747101;135758911.5;135770722;647934422;647990793.5;648047165;98.2794;99.0722;99.865;0.278083;0.278083;0.278083;"#0571B0";"4.Ga"
"Scabr";"Li";"ScabrLi1";1.27318;1.27464;1.2761;643989626;644179951.5;644370277;97774968;97803864.5;97832761;546214659;546376087.5;546537516;97.8098;98.25205;98.6943;0.209089;0.209089;0.209089;"#CA0020";"1.Li"
"Ssard";"Li";"SsardLi2";0.864902;0.865392;0.865882;705747887;705809290;705870693;104185561;104194626;104203691;601562325;601614663.5;601667002;98.675;99.2378;99.8006;0.222799;0.222799;0.222799;"#CA0020";"1.Li"
"Lbude";"Li";"LbudeLi1";0.22101;0.2213075;0.221605;734813017;734842763;734872509;89677625;89681255;89684885;645135393;645161508.5;645187624;98.7412;99.2946;99.848;0.180489;0.180489;0.180489;"#CA0020";"1.Li"
"Msurm";"Li";"MsurmLi2";1.1836;1.18418;1.18476;510980748;511038362;511095976;72007707;72015826;72023945;438973041;439022536;439072031;98.9176;99.35675;99.7959;0.308598;0.308598;0.308598;"#CA0020";"1.Li"
"Ssard";"Ga";"SsardGa6";0.883585;0.8842995;0.885014;713915754;713998282;714080810;113833782;113846941;113860100;600081972;600151341;600220710;98.7598;99.2506;99.7414;0.237795;0.237795;0.237795;"#0571B0";"4.Ga"
"Scabr";"Mu";"ScabrMu6";1.15345;1.154345;1.15524;644693567;644767174.5;644840782;84895837;84905530;84915223;559797730;559861644.5;559925559;98.2176;98.67515;99.1327;0.190559;0.190559;0.190559;"#F4A582";"2.Mu"
"Lmorm";"Ga";"LmormGa6";0.553796;0.55415;0.554504;711490343;711530861.5;711571380;91680849;91686070;91691291;619809494;619844791.5;619880089;98.724;99.23445;99.7449;0.239774;0.239774;0.239774;"#0571B0";"4.Ga"
"Peryt";"Ga";"PerytGa1";1.13812;1.13879;1.13946;729302082;729391347.5;729480613;119890550;119905224;119919898;609411533;609486123.5;609560714;98.1869;98.8715;99.5561;0.399451;0.399451;0.399451;"#0571B0";"4.Ga"
"Peryt";"Li";"PerytLi1";1.09954;1.10005;1.10056;729739625;729811061;729882497;116061241;116072602.5;116083964;613678384;613738458.5;613798533;98.4488;99.10305;99.7573;0.21474;0.21474;0.21474;"#CA0020";"1.Li"
"Msurm";"Mu";"MsurmMu5";1.13023;1.1347;1.13917;542249569;542497337.5;542745106;108762982;108812679;108862376;433486586;433684658;433882730;98.7257;99.1535;99.5813;0.347414;0.347414;0.347414;"#F4A582";"2.Mu"
"Lbude";"Fa";"LbudeFa6";0.224659;0.224973;0.225287;735299866;735330669;735361472;90177450;90181227.5;90185005;645122416;645149441.5;645176467;98.7585;99.30225;99.846;0.196533;0.196533;0.196533;"#92C5DE";"3.Fa"
"Cgale";"Ga";"CgaleGa2";0.59436;0.595282;0.596204;702861304;702931798.5;703002293;117898303;117910128;117921953;584963001;585021670.5;585080340;98.4248;99.1045;99.7842;0.308738;0.308738;0.308738;"#0571B0";"4.Ga"
"Dlabr";"Ga";"DlabrGa5";0.380429;0.3807775;0.381126;673838288;673874925;673911562;90594799;90599724.5;90604650;583243489;583275200;583306911;98.5845;99.158;99.7315;0.231683;0.231683;0.231683;"#0571B0";"4.Ga"
"Scabr";"Fa";"ScabrFa3";1.2271;1.2286;1.2301;646350474;646545244.5;646740015;95188736;95217420;95246104;551161738;551327824.5;551493911;97.7662;98.2091;98.652;0.170893;0.170893;0.170893;"#92C5DE";"3.Fa"
"Lbude";"Li";"LbudeLi2";0.223279;0.2236065;0.223934;737817732;737849931;737882130;92949074;92953130.5;92957187;644868658;644896800.5;644924943;98.6837;99.2367;99.7897;0.17135;0.17135;0.17135;"#CA0020";"1.Li"
"Ssard";"Li";"SsardLi5";0.762553;0.763012;0.763471;721151984;721206934.5;721261885;107523581;107531774;107539967;613628403;613675160.5;613721918;98.7508;99.32085;99.8909;0.181874;0.181874;0.181874;"#CA0020";"1.Li"
"Scine";"Mu";"ScineMu3";0.722428;0.722976;0.723524;606335660;606383115;606430570;98641370;98649090;98656810;507694290;507734025;507773760;98.5763;99.1939;99.8115;0.254948;0.254948;0.254948;"#F4A582";"2.Mu"
"Dpunt";"Ga";"DpuntGa2";0.486047;0.4867555;0.487464;784596847;784666984.5;784737122;137650122;137662427;137674732;646946724;647004556.5;647062389;98.3198;99.103;99.8862;0.273871;0.273871;0.273871;"#0571B0";"4.Ga"
"Lmorm";"Ga";"LmormGa5";0.558997;0.559313;0.559629;710099293;710136661;710174029;90038576;90043314;90048052;620060717;620093347;620125977;98.7022;99.2179;99.7336;0.24769;0.24769;0.24769;"#0571B0";"4.Ga"
"Scabr";"Li";"ScabrLi5";1.25769;1.25918;1.26067;640092080;640247246.5;640402413;102831650;102856577.5;102881505;537260430;537390668.5;537520907;97.891;98.34085;98.7907;0.225734;0.225734;0.225734;"#CA0020";"1.Li"
"Lbude";"Li";"LbudeLi6";0.224986;0.225393;0.2258;743452089;743487240;743522391;98952917;98957595.5;98962274;644499172;644529644.5;644560117;98.7515;99.32955;99.9076;0.24881;0.24881;0.24881;"#CA0020";"1.Li"
"Ssard";"Mu";"SsardMu3";0.867991;0.868535;0.869079;706394176;706457356;706520536;105432601;105442031;105451461;600961575;601015325;601069075;98.7226;99.28385;99.8451;0.257486;0.257486;0.257486;"#F4A582";"2.Mu"
"Peryt";"Li";"PerytLi2";1.10306;1.10356;1.10406;729591071;729660451;729729831;116372257;116383323.5;116394390;613218814;613277127.5;613335441;98.3564;99.02305;99.6897;0.22375;0.22375;0.22375;"#CA0020";"1.Li"
"Msurm";"Li";"MsurmLi5";1.10541;1.10607;1.10673;512044591;512087965;512131339;69398429;69404307.5;69410186;442646163;442683658;442721153;98.7294;99.2523;99.7752;0.316067;0.316067;0.316067;"#CA0020";"1.Li"
"Lmorm";"Ga";"LmormGa2";0.55638;0.5567065;0.557033;708715803;708754053;708792303;88912761;88917559.5;88922358;619803042;619836493;619869944;98.67;99.17975;99.6895;0.237521;0.237521;0.237521;"#0571B0";"4.Ga"
"Dpunt";"Ga";"DpuntGa5";0.513084;0.514195;0.515306;789762440;789858745;789955050;144287391;144304985.5;144322580;645475049;645553759.5;645632470;98.3142;99.07095;99.8277;0.275515;0.275515;0.275515;"#0571B0";"4.Ga"
"Cgale";"Ga";"CgaleGa1";0.593434;0.594573;0.595712;706361283;706440272;706519261;121435971;121449551;121463131;584925311;584990721;585056131;98.4533;99.1152;99.7771;0.284874;0.284874;0.284874;"#0571B0";"4.Ga"
"Ssard";"Li";"SsardLi1";0.919029;0.919539;0.920049;698825353;698890939.5;698956526;102861422;102871076;102880730;595963931;596019863.5;596075796;98.7001;99.24325;99.7864;0.226283;0.226283;0.226283;"#CA0020";"1.Li"
"Dpunt";"Li";"DpuntLi5";0.536501;0.5372495;0.537998;785211705;785291623;785371541;139291403;139305580;139319757;645920302;645986043;646051784;98.3459;99.0981;99.8503;0.211997;0.211997;0.211997;"#CA0020";"1.Li"
"Scabr";"Fa";"ScabrFa5";1.16435;1.165255;1.16616;645406394;645483939;645561484;86175361;86185714.5;86196068;559231033;559298224;559365415;98.1494;98.6083;99.0672;0.227762;0.227762;0.227762;"#92C5DE";"3.Fa"
"Scabr";"Li";"ScabrLi4";1.26091;1.26247;1.26403;645250237;645455212.5;645660188;100368000;100399884;100431768;544882237;545055328.5;545228420;97.9103;98.3469;98.7835;0.20779;0.20779;0.20779;"#CA0020";"1.Li"
"Peryt";"Ga";"PerytGa3";1.1003;1.100905;1.10151;730336511;730413229.5;730489948;117426105;117438440;117450775;612910406;612974789.5;613039173;98.4711;99.15065;99.8302;0.27333;0.27333;0.27333;"#0571B0";"4.Ga"
"Dlabr";"Mu";"DlabrMu3";0.332015;0.332756;0.333497;681877285;681934090.5;681990896;100306112;100314468;100322824;581571174;581619623;581668072;98.586;99.13745;99.6889;0.222508;0.222508;0.222508;"#F4A582";"2.Mu"
"Dlabr";"Fa";"DlabrFa3";0.405252;0.4056315;0.406011;673294161;673332643;673371125;90434235;90439404;90444573;582859926;582893239.5;582926553;98.6683;99.23115;99.794;0.212462;0.212462;0.212462;"#92C5DE";"3.Fa"
"Peryt";"Mu";"PerytMu2";1.11651;1.11717;1.11783;730310608;730399738.5;730488869;120080502;120095157;120109812;610230106;610304581.5;610379057;98.3994;99.04445;99.6895;0.214089;0.214089;0.214089;"#F4A582";"2.Mu"
"Lbude";"Fa";"LbudeFa5";0.221397;0.22168;0.221963;732821774;732850764;732879754;87787989;87791462;87794935;645033785;645059302;645084819;98.7556;99.3095;99.8634;0.190689;0.190689;0.190689;"#92C5DE";"3.Fa"
"Msurm";"Mu";"MsurmMu2";1.21327;1.215285;1.2173;514811439;514914941;515018443;75760104;75775335.5;75790567;439051335;439139605.5;439227876;98.9313;99.3454;99.7595;0.283791;0.283791;0.283791;"#F4A582";"2.Mu"
"Scabr";"Mu";"ScabrMu2";1.21859;1.219855;1.22112;645775284;645936726.5;646098169;90602322;90624972;90647622;555172962;555311754.5;555450547;97.9642;98.4066;98.849;0.227127;0.227127;0.227127;"#F4A582";"2.Mu"
"Scabr";"Ga";"ScabrGa1";1.03969;1.0407;1.04171;640737167;640836139;640935111;83365431;83378308;83391185;557371736;557457831;557543926;98.2652;98.7518;99.2384;0.400191;0.400191;0.400191;"#0571B0";"4.Ga"
"Dlabr";"Fa";"DlabrFa4";0.396;0.3963415;0.396683;671690167;671726132;671762097;88706291;88711041;88715791;582983876;583015091;583046306;98.6542;99.20255;99.7509;0.210256;0.210256;0.210256;"#92C5DE";"3.Fa"
"Ssard";"Mu";"SsardMu1";0.846748;0.8472575;0.847767;707827883;707890809;707953735;104170152;104179413;104188674;603657730;603711395.5;603765061;98.7163;99.27315;99.83;0.228022;0.228022;0.228022;"#F4A582";"2.Mu"
"Peryt";"Mu";"PerytMu1";1.11705;1.11776;1.11847;732270219;732371197;732472175;123992222;124009320.5;124026419;608277997;608361877;608445757;98.142;98.793;99.444;0.217557;0.217557;0.217557;"#F4A582";"2.Mu"
"Ssard";"Ga";"SsardGa1";0.952618;0.953187;0.953756;697256865;697327561;697398257;103247770;103258238.5;103268707;594009096;594069323;594129550;98.7274;99.2697;99.812;0.25831;0.25831;0.25831;"#0571B0";"4.Ga"
"Peryt";"Mu";"PerytMu3";1.08891;1.08949;1.09007;731170205;731248159.5;731326114;117652596;117665140;117677684;613517608;613583019.5;613648431;98.4309;99.09825;99.7656;0.226709;0.226709;0.226709;"#F4A582";"2.Mu"
"Lbude";"Li";"LbudeLi5";0.225099;0.2254615;0.225824;736897647;736930798.5;736963950;92537979;92542142.5;92546306;644359668;644388656.5;644417645;98.7516;99.299;99.8464;0.218435;0.218435;0.218435;"#CA0020";"1.Li"
"Msurm";"Fa";"MsurmFa1";1.09147;1.09233;1.09319;520825151;520907649;520990147;81009445;81022276.5;81035108;439815706;439885372;439955038;98.4977;98.9899;99.4821;0.29882;0.29882;0.29882;"#92C5DE";"3.Fa"
"Dlabr";"Ga";"DlabrGa6";0.37924;0.379656;0.380072;673927790;673968794;674009798;91269008;91274561;91280114;582658783;582694234;582729685;98.5678;99.1479;99.728;0.237984;0.237984;0.237984;"#0571B0";"4.Ga"
"Ssard";"Fa";"SsardFa2";0.917646;0.9182415;0.918837;700182741;700254168.5;700325596;103717909;103728489.5;103739070;596464832;596525679;596586526;98.6642;99.2351;99.806;0.251872;0.251872;0.251872;"#92C5DE";"3.Fa"
"Dlabr";"Mu";"DlabrMu1";0.295691;0.2962895;0.296888;679228299;679281373.5;679334448;97401833;97409444;97417055;581826465;581871929;581917393;98.4652;99.0278;99.5904;0.198436;0.198436;0.198436;"#F4A582";"2.Mu"
"Dpunt";"Li";"DpuntLi3";0.578517;0.5809805;0.583444;797118244;797308060.5;797497877;154733003;154769849.5;154806696;642385241;642538211;642691181;98.4228;99.145;99.8672;0.247398;0.247398;0.247398;"#CA0020";"1.Li"
"Peryt";"Mu";"PerytMu5";1.10812;1.108755;1.10939;731190753;731277830;731364907;120700743;120715117;120729491;610490011;610562713.5;610635416;98.4007;99.04605;99.6914;0.20317;0.20317;0.20317;"#F4A582";"2.Mu"
"Scabr";"Mu";"ScabrMu3";1.1725;1.17334;1.17418;647729229;647833157;647937085;84191926;84205434.5;84218943;563537303;563627722.5;563718142;98.203;98.65585;99.1087;0.196734;0.196734;0.196734;"#F4A582";"2.Mu"
"Msurm";"Mu";"MsurmMu4";1.16589;1.16708;1.16827;529669135;529768670;529868205;94777116;94794926.5;94812737;434892019;434973743.5;435055468;98.8429;99.24395;99.645;0.294914;0.294914;0.294914;"#F4A582";"2.Mu"
"Dlabr";"Fa";"DlabrFa6";0.390971;0.391308;0.391645;673460247;673495131.5;673530016;89796908;89801559;89806210;583663340;583693573;583723806;98.6332;99.2138;99.7944;0.227017;0.227017;0.227017;"#92C5DE";"3.Fa"
"Scabr";"Mu";"ScabrMu1";1.21912;1.22031;1.2215;647427712;647581584.5;647735457;93292604;93314776.5;93336949;554135109;554266808.5;554398508;98.0365;98.47125;98.906;0.182749;0.182749;0.182749;"#F4A582";"2.Mu"
"Ssard";"Mu";"SsardMu5";0.863624;0.8640955;0.864567;705482193;705543630.5;705605068;103006485;103015455.5;103024426;602475708;602528175;602580642;98.5581;99.11585;99.6736;0.24614;0.24614;0.24614;"#F4A582";"2.Mu"
"Scabr";"Mu";"ScabrMu4";1.17989;1.181045;1.1822;641346998;641444815;641542632;86096874;86110005.5;86123137;555250124;555334810;555419496;97.9087;98.34455;98.7804;0.200985;0.200985;0.200985;"#F4A582";"2.Mu"
"Dlabr";"Li";"DlabrLi3";0.370811;0.3713805;0.37195;673581590;673628840.5;673676091;92216809;92223278;92229747;581364781;581405562.5;581446344;98.7286;99.25215;99.7757;0.212946;0.212946;0.212946;"#CA0020";"1.Li"
"Msurm";"Mu";"MsurmMu1";1.1489;1.14945;1.15;508867566;508907981;508948396;67554543;67559908;67565273;441313023;441348073;441383123;98.8485;99.3385;99.8285;0.304925;0.304925;0.304925;"#F4A582";"2.Mu"
"Scabr";"Fa";"ScabrFa4";1.20448;1.20547;1.20646;641873430;641997304.5;642121179;82186620;82202481;82218342;559686810;559794823;559902836;98.2401;98.674;99.1079;0.214861;0.214861;0.214861;"#92C5DE";"3.Fa"
"Peryt";"Fa";"PerytFa2";1.10471;1.1053;1.10589;730615309;730697371;730779433;118929145;118942503;118955861;611686164;611754868;611823572;98.4236;99.0684;99.7132;0.209649;0.209649;0.209649;"#92C5DE";"3.Fa"
"Dlabr";"Li";"DlabrLi1";0.362238;0.3627435;0.363249;675345441;675388235.5;675431030;93042788;93048684;93054580;582302652;582339550.5;582376449;98.7173;99.2619;99.8065;0.211829;0.211829;0.211829;"#CA0020";"1.Li"
"Ssard";"Ga";"SsardGa4";0.789442;0.7899;0.790358;718555621;718613033.5;718670446;110057574;110066367.5;110075161;608498048;608546666.5;608595285;98.59;99.1794;99.7688;0.24502;0.24502;0.24502;"#0571B0";"4.Ga"
"Dlabr";"Fa";"DlabrFa5";0.436546;0.4370325;0.437519;670636212;670683493;670730774;90381696;90388068;90394440;580254516;580295425;580336334;98.6355;99.15455;99.6736;0.217535;0.217535;0.217535;"#92C5DE";"3.Fa"
"Peryt";"Ga";"PerytGa6";1.07421;1.07474;1.07527;731583872;731654020;731724168;110812771;110823396.5;110834022;620771101;620830624;620890147;98.4682;99.0601;99.652;0.239603;0.239603;0.239603;"#0571B0";"4.Ga"
"Lmorm";"Mu";"LmormMu5";0.556492;0.556837;0.557182;711552026;711591950.5;711631875;90128470;90133527.5;90138585;621423556;621458423.5;621493291;98.6388;99.1549;99.671;0.227564;0.227564;0.227564;"#F4A582";"2.Mu"
"Dpunt";"Fa";"DpuntFa3";0.461022;0.462209;0.463396;785375020;785463586.5;785552153;138690620;138706260;138721900;646684400;646757326.5;646830253;98.3263;99.0923;99.8583;0.261584;0.261584;0.261584;"#92C5DE";"3.Fa"
"Scabr";"Li";"ScabrLi6";1.24563;1.24703;1.24843;648416943;648600847;648784751;101052765;101081425.5;101110086;547364178;547519421.5;547674665;97.8908;98.34585;98.8009;0.164194;0.164194;0.164194;"#CA0020";"1.Li"
"Hgutt";"Ga";"HguttGa6";0.551425;0.5538425;0.55626;429286062;429353879.5;429421697;68000239;68010981.5;68021724;361285823;361342898;361399973;98.3744;98.9213;99.4682;0.674582;0.674582;0.674582;"#0571B0";"4.Ga"
"Lmorm";"Ga";"LmormGa1";0.541808;0.542173;0.542538;709684644;709725748;709766852;89068684;89073842.5;89079001;620615961;620651906;620687851;98.6907;99.2038;99.7169;0.239863;0.239863;0.239863;"#0571B0";"4.Ga"
"Scine";"Ga";"ScineGa1";0.461718;0.4622255;0.462733;586068812;586107689;586146566;79737164;79742453.5;79747743;506331648;506365235.5;506398823;98.582;99.15815;99.7343;0.318281;0.318281;0.318281;"#0571B0";"4.Ga"
"Ssard";"Li";"SsardLi3";0.890638;0.8911765;0.891715;699535783;699603204;699670625;99775526;99785142.5;99794759;599760256;599818061;599875866;98.5949;99.1584;99.7219;0.230907;0.230907;0.230907;"#CA0020";"1.Li"
"Dpunt";"Li";"DpuntLi2";0.556885;0.5586455;0.560406;792296867;792439399;792581931;150298095;150325133.5;150352172;641998772;642114265.5;642229759;98.4347;99.15805;99.8814;0.20418;0.20418;0.20418;"#CA0020";"1.Li"
"Scabr";"Ga";"ScabrGa2";1.18039;1.181225;1.18206;649673253;649778244;649883235;87181797;87195886;87209975;562491456;562582358;562673260;98.171;98.64075;99.1105;0.213981;0.213981;0.213981;"#0571B0";"4.Ga"
"Dpunt";"Fa";"DpuntFa5";0.504478;0.5053085;0.506139;784097474;784177352.5;784257231;136922466;136936414.5;136950363;647175008;647240937.5;647306867;98.331;99.0791;99.8272;0.245179;0.245179;0.245179;"#92C5DE";"3.Fa"
"Scine";"Ga";"ScineGa2";0.452502;0.452999;0.453496;586208984;586247598.5;586286213;79525737;79530976;79536215;506683246;506716622.5;506749999;98.5429;99.1232;99.7035;0.260838;0.260838;0.260838;"#0571B0";"4.Ga"
"Dpunt";"Fa";"DpuntFa2";0.50659;0.5078705;0.509151;785089852;785193010;785296168;139457028;139475352;139493676;645632824;645717658;645802492;98.3887;99.134;99.8793;0.234958;0.234958;0.234958;"#92C5DE";"3.Fa"
"Dlabr";"Mu";"DlabrMu4";0.355482;0.355843;0.356204;672451209;672486878.5;672522548;89213614;89218346;89223078;583237595;583268532.5;583299470;98.6424;99.23165;99.8209;0.221054;0.221054;0.221054;"#F4A582";"2.Mu"
"Lmorm";"Li";"LmormLi2";0.541007;0.541348;0.541689;712147885;712186533.5;712225182;90880923;90885855.5;90890788;621266962;621300678;621334394;98.7834;99.2831;99.7828;0.210325;0.210325;0.210325;"#CA0020";"1.Li"
"Cgale";"Ga";"CgaleGa4";0.610246;0.6121825;0.614119;704758343;704871942.5;704985542;121114435;121133957.5;121153480;583643908;583737985.5;583832063;98.4367;99.1137;99.7907;0.337572;0.337572;0.337572;"#0571B0";"4.Ga"
"Ssard";"Mu";"SsardMu4";0.835329;0.835788;0.836247;705135473;705193483;705251493;101654589;101662952;101671315;603480884;603530531.5;603580179;98.6018;99.18595;99.7701;0.23523;0.23523;0.23523;"#F4A582";"2.Mu"
"Dpunt";"Fa";"DpuntFa1";0.488843;0.4901395;0.491436;785645318;785747466.5;785849615;139832221;139850402;139868583;645813097;645897064.5;645981032;98.4169;99.1523;99.8877;0.219992;0.219992;0.219992;"#92C5DE";"3.Fa"
"Dlabr";"Fa";"DlabrFa1";0.401885;0.4023185;0.402752;670726241;670769022.5;670811804;89089439;89095121.5;89100804;581636802;581673901;581711000;98.646;99.1799;99.7138;0.210035;0.210035;0.210035;"#92C5DE";"3.Fa"
"Lmorm";"Fa";"LmormFa1";0.607911;0.6083005;0.60869;712323547;712366631.5;712409716;92421019;92426609;92432199;619902528;619940022.5;619977517;98.6852;99.21725;99.7493;0.236599;0.236599;0.236599;"#92C5DE";"3.Fa"
"Msurm";"Li";"MsurmLi6";1.15584;1.15649;1.15714;513551861;513613320;513674779;75161348;75170342.5;75179337;438390513;438442977.5;438495442;98.9125;99.3405;99.7685;0.282543;0.282543;0.282543;"#CA0020";"1.Li"
"Dlabr";"Li";"DlabrLi4";0.351573;0.3520245;0.352476;674309261;674350453;674391645;90522764;90528293.5;90533823;583786497;583822159.5;583857822;98.7435;99.3193;99.8951;0.203998;0.203998;0.203998;"#CA0020";"1.Li"
"Lmorm";"Fa";"LmormFa5";0.610774;0.611146;0.611518;711655605;711697151;711738697;91698260;91703613;91708966;619957345;619993538;620029731;98.7552;99.2851;99.815;0.212769;0.212769;0.212769;"#92C5DE";"3.Fa"
"Ssard";"Fa";"SsardFa4";0.885201;0.8857385;0.886276;699183381;699251241;699319101;100602352;100612116;100621880;598581028;598639124;598697220;98.5501;99.1165;99.6829;0.271428;0.271428;0.271428;"#92C5DE";"3.Fa"
"Lmorm";"Li";"LmormLi1";0.547429;0.5478005;0.548172;714735903;714775585.5;714815268;93218706;93223881.5;93229057;621517197;621551704;621586211;98.7931;99.3132;99.8333;0.215463;0.215463;0.215463;"#CA0020";"1.Li"
"Lbude";"Ga";"LbudeGa2";0.237268;0.2376415;0.238015;730826632;730860689.5;730894747;87554016;87558096;87562176;643272616;643302593.5;643332571;98.7477;99.2814;99.8151;0.259433;0.259433;0.259433;"#0571B0";"4.Ga"
"Msurm";"Mu";"MsurmMu3";1.15394;1.15451;1.15508;514551788;514608502;514665216;72651619;72659626.5;72667634;441900169;441948875.5;441997582;98.6598;99.1774;99.695;0.308375;0.308375;0.308375;"#F4A582";"2.Mu"
"Msurm";"Fa";"MsurmFa2";1.06749;1.06807;1.06865;515926393;515983698;516041003;72742611;72750691;72758771;443183782;443233007;443282232;98.6127;99.1117;99.6107;0.288999;0.288999;0.288999;"#92C5DE";"3.Fa"
"Ssard";"Ga";"SsardGa2";0.788055;0.7884975;0.78894;714578941;714634081.5;714689222;105014716;105022819.5;105030923;609564225;609611262;609658299;98.764;99.32135;99.8787;0.241497;0.241497;0.241497;"#0571B0";"4.Ga"
"Dpunt";"Li";"DpuntLi1";0.559033;0.5611875;0.563342;793885954;794055792;794225630;152364263;152396859;152429455;641521691;641658933;641796175;98.4382;99.15245;99.8667;0.19273;0.19273;0.19273;"#CA0020";"1.Li"
"Ssard";"Fa";"SsardFa3";0.853066;0.8536525;0.854239;698699678;698771317;698842956;99120328;99130491;99140654;599579351;599640827;599702303;98.6021;99.14665;99.6912;0.245;0.245;0.245;"#92C5DE";"3.Fa"
"Peryt";"Li";"PerytLi4";1.09381;1.094385;1.09496;731851358;731930040;732008722;113404281;113416473.5;113428666;618447077;618513567;618580057;98.5335;99.1122;99.6909;0.235709;0.235709;0.235709;"#CA0020";"1.Li"
"Lmorm";"Li";"LmormLi4";0.542732;0.5431375;0.543543;713251436;713293240;713335044;92148262;92153663;92159064;621103174;621139577;621175980;98.7815;99.28595;99.7904;0.210189;0.210189;0.210189;"#CA0020";"1.Li"
"Dpunt";"Ga";"DpuntGa1";0.527825;0.529537;0.531249;788705511;788836694.5;788967878;142408277;142431963.5;142455650;646297235;646404731.5;646512228;98.3567;99.10195;99.8472;0.279137;0.279137;0.279137;"#0571B0";"4.Ga"
"Dpunt";"Mu";"DpuntMu4";0.613563;0.614915;0.616267;786232241;786344416.5;786456592;141090532;141110662.5;141130793;645141709;645233754.5;645325800;98.3434;99.09605;99.8487;0.222553;0.222553;0.222553;"#F4A582";"2.Mu"
"Dlabr";"Li";"DlabrLi2";0.356117;0.3566875;0.357258;675036040;675084068.5;675132097;92927058;92933669.5;92940281;582108983;582150399.5;582191816;98.6147;99.17585;99.737;0.217863;0.217863;0.217863;"#CA0020";"1.Li"
"Lmorm";"Mu";"LmormMu3";0.534773;0.5351625;0.535552;712491936;712536119.5;712580303;90084864;90090450.5;90096037;622407071;622445668.5;622484266;98.7082;99.20545;99.7027;0.208755;0.208755;0.208755;"#F4A582";"2.Mu"
"Lmorm";"Mu";"LmormMu1";0.540424;0.5408325;0.541241;713946795;713990144;714033493;91356675;91362221.5;91367768;622590120;622627922;622665724;98.6637;99.17585;99.688;0.224417;0.224417;0.224417;"#F4A582";"2.Mu"
"Scabr";"Ga";"ScabrGa6";1.16326;1.16377;1.16428;650886315;650944317.5;651002320;81541270;81548536.5;81555803;569345045;569395781;569446517;98.9515;99.40535;99.8592;0.280788;0.280788;0.280788;"#0571B0";"4.Ga"
"Lmorm";"Fa";"LmormFa2";0.615498;0.61594;0.616382;710776610;710822451;710868292;90636161;90642006.5;90647852;620140449;620180444;620220439;98.6775;99.1804;99.6833;0.24922;0.24922;0.24922;"#92C5DE";"3.Fa"
"Dpunt";"Mu";"DpuntMu2";0.764768;0.7661595;0.767551;783611546;783734405.5;783857265;140025619;140047573;140069527;643585927;643686832.5;643787738;98.4321;99.15575;99.8794;0.244243;0.244243;0.244243;"#F4A582";"2.Mu"
"Dlabr";"Mu";"DlabrMu2";0.371755;0.3733955;0.375036;679442186;679530993;679619800;95261142;95273593.5;95286045;584181044;584257400;584333756;98.6775;99.24815;99.8188;0.312286;0.312286;0.312286;"#F4A582";"2.Mu"
"Lmorm";"Fa";"LmormFa6";0.589208;0.5896365;0.590065;713806826;713852328.5;713897831;94050295;94056290.5;94062286;619756530;619796037.5;619835545;98.8556;99.3709;99.8862;0.217284;0.217284;0.217284;"#92C5DE";"3.Fa"
"Scabr";"Fa";"ScabrFa2";1.26461;1.26608;1.26755;639400481;639589140.5;639777800;90146214;90172812;90199410;549254267;549416328;549578389;97.9332;98.36715;98.8011;0.182063;0.182063;0.182063;"#92C5DE";"3.Fa"
"Peryt";"Li";"PerytLi5";1.07703;1.077565;1.0781;730188725;730262075.5;730335426;115143953;115155519.5;115167086;615044772;615106555.5;615168339;98.4999;99.1483;99.7967;0.205723;0.205723;0.205723;"#CA0020";"1.Li"
"Peryt";"Mu";"PerytMu6";1.06731;1.06788;1.06845;734107194;734183530;734259866;113922822;113934668;113946514;620184372;620248862;620313352;98.5624;99.15535;99.7483;0.222598;0.222598;0.222598;"#F4A582";"2.Mu"
"Lmorm";"Li";"LmormLi6";0.548901;0.5493445;0.549788;713867765;713912229;713956693;92326969;92332720;92338471;621540796;621579509;621618222;98.7406;99.25085;99.7611;0.229403;0.229403;0.229403;"#CA0020";"1.Li"
"Dpunt";"Mu";"DpuntMu3";0.558118;0.5595285;0.560939;783026263;783138502.5;783250742;138125912;138145711;138165510;644900352;644992792.5;645085233;98.3639;99.11665;99.8694;0.234946;0.234946;0.234946;"#F4A582";"2.Mu"
"Lmorm";"Li";"LmormLi5";0.544843;0.5452545;0.545666;715094387;715139162.5;715183938;93044411;93050237;93056063;622049976;622088925.5;622127875;98.7869;99.3024;99.8179;0.212563;0.212563;0.212563;"#CA0020";"1.Li"
"Lmorm";"Fa";"LmormFa3";0.609352;0.60985;0.610348;711335904;711389644;711443384;90959269;90966141;90973013;620376635;620423503.5;620470372;98.6461;99.16255;99.679;0.246429;0.246429;0.246429;"#92C5DE";"3.Fa"
"Dpunt";"Fa";"DpuntFa4";0.651101;0.6531545;0.655208;785029845;785179761;785329677;141204520;141231485.5;141258451;643825325;643948275.5;644071226;98.397;99.1259;99.8548;0.237803;0.237803;0.237803;"#92C5DE";"3.Fa"
"Lmorm";"Mu";"LmormMu2";0.551886;0.552313;0.55274;715182985;715229841.5;715276698;93446064;93452186.5;93458309;621736921;621777655;621818389;98.6781;99.20285;99.7276;0.230195;0.230195;0.230195;"#F4A582";"2.Mu"
"Dpunt";"Mu";"DpuntMu1";0.542506;0.5443915;0.546277;782863463;782986609.5;783109756;136836400;136857924.5;136879449;646027063;646128684.5;646230306;98.3172;99.07175;99.8263;0.288307;0.288307;0.288307;"#F4A582";"2.Mu"
"Ssard";"Fa";"SsardFa5";0.830361;0.8315145;0.832668;713803733;713897574.5;713991416;109611085;109625495.5;109639906;604192647;604272078.5;604351510;98.7065;99.29125;99.876;0.246893;0.246893;0.246893;"#92C5DE";"3.Fa"
"Scabr";"Ga";"ScabrGa4";1.19076;1.19142;1.19208;649059379;649127970.5;649196562;84724755;84733708.5;84742662;564334624;564394261.5;564453899;98.7892;99.24135;99.6935;0.301859;0.301859;0.301859;"#0571B0";"4.Ga"
"Scabr";"Ga";"ScabrGa5";1.20653;1.20769;1.20885;654716908;654812328.5;654907749;90316026;90329189;90342352;564400882;564483139.5;564565397;98.9218;99.39395;99.8661;0.359917;0.359917;0.359917;"#0571B0";"4.Ga"
