Coryphoblennius galerita  - Length ref :  Milton, 1983  - Fecundity ref :  Carrasson et al., 2003
6 1000 0.5
1 0.46 977.91 1 0.46 977.91 1
2 0.5 1261.94 1 0.5 1261.94 1
3 0.55 1616.97 1 0.55 1616.97 1
4 0.6 1972.01 1 0.6 1972.01 1
5 0.63 2256.03 1 0.63 2256.03 1
6 0 2327.04 1 0 2327.04 1
Coris julis  - Length ref :  Skeljo, 2012  - Fecundity ref :  Skeljo, 2012
7 1000 0.5
1 0.45 2387.13 1 0.46 2193.21 1
2 0.58 6188.3 1 0.61 6596.73 1
3 0.63 9201.45 1 0.66 10602.93 1
4 0.7 16948.22 1 0.71 16537.5 1
5 0 20033.62 1 0.75 25122.35 1
6 0 0 1 0.78 34429.41 1
7 0 0 1 0 59163.17 1
Dicentrarchus labrax  - Length ref :  Wassaf el amary  - Fecundity ref :  Kara, 1997
15 1000 0.5
1 0.36 0.01 1 0.36 0.01 1
2 0.52 0.01 1 0.51 1737.31 1
3 0.61 0.01 1 0.6 4186.18 1
4 0.68 9380.37 1 0.67 9197.88 1
5 0.73 19437 1 0.72 19109.79 1
6 0.77 35092.13 1 0.76 34047.79 1
7 0.8 56361.63 1 0.79 54083.17 1
8 0.82 92479.29 1 0 92479.29 1
9 0.84 148435.5 1 0 0.01 1
10 0.86 228694.1 1 0 0.01 1
11 0.88 343697 1 0 0.01 1
12 0.89 492108.9 1 0 0.01 1
13 0.9 665311.7 1 0 0.01 1
14 0.91 891180.2 1 0 0.01 1
15 0 1114518 1 0 0.01 1
Diplodus puntazzo  - Length ref :  Dominguez-Seoane et al., 2006  - Fecundity ref :  Taieb et al., 2013
10 1000 0.5
1 0.55 0.01 1 0.57 0.01 1
2 0.64 45680.1 1 0.66 45680.1 1
3 0.69 57208.48 1 0.7 57208.48 1
4 0.72 67461.98 1 0.73 67461.98 1
5 0.73 73489.7 1 0.75 73489.7 1
6 0.77 91429.93 1 0.78 91429.93 1
7 0.78 100699.8 1 0.79 100699.8 1
8 0.8 113773.1 1 0.81 113773.1 1
9 0.8 120616.2 1 0.82 120616.2 1
10 0 126136.5 1 0 126136.5 1
Hippocampus guttulatus  - Length ref :  Curtis, 2006  - Fecundity ref :  Curtis, 2006
5 1000 0.5
1 0.36 681.03 1 0.36 681.03 1
2 0.47 1100.6 1 0.47 1100.6 1
3 0.52 1399.13 1 0.52 1399.13 1
4 0.53 1515.66 1 0.53 1515.66 1
5 0 1641.9 1 0 1641.9 1
Lophius budegassa  - Length ref :  Garcia-Rodriguez et al., 2005  - Fecundity ref :  Colmenero et al., 2012
21 1000 0.5
1 0.28 0.01 1 0.35 0.01 1
2 0.47 0.01 1 0.52 0.01 1
3 0.59 0.01 1 0.62 0.01 1
4 0.67 0.01 1 0.68 0.01 1
5 0.72 0.01 1 0.71 0.01 1
6 0.76 0.01 1 0.74 544224.5 1
7 0.78 0.01 1 0.76 620751 1
8 0.81 666075.7 1 0.77 684139.9 1
9 0.82 758038.9 1 0.79 736526.1 1
10 0.84 842119.5 1 0.79 780044.4 1
11 0.85 918974.5 1 0.8 816008.6 1
12 0.85 988932.2 1 0.81 845732.4 1
13 0.86 1052978 1 0 870365.4 1
14 0.87 1111440 1 0 890728.7 1
15 0.87 1164648 1 0 907643.3 1
16 0.88 1213421 1 0 921602 1
17 0.88 1257760 1 0 933097.4 1
18 0.89 1298487 1 0 942786.4 1
19 0.89 1335436 1 0 950669 1
20 0.89 1369266 1 0 957237.8 1
21 0 1400139 1 0 962657 1
Lithognathus mormyrus  - Length ref :  Monteiro et al., 2010  - Fecundity ref :  Ali et al., 2016
12 1000 0.5
1 0.43 0.01 1 0.4 0.01 1
2 0.52 5829.43 1 0.52 5829.43 1
3 0.61 14470.52 1 0.6 13569.4 1
4 0.64 20117.07 1 0.64 20520.98 1
5 0.66 25406.32 1 0.66 25892.71 1
6 0.69 37289.16 1 0.69 39297.59 1
7 0.72 55900.35 1 0.71 49842.72 1
8 0.74 69774.92 1 0.74 75346.95 1
9 0.76 97001.84 1 0 91509.26 1
10 0.76 101291.3 1 0 0.01 1
11 0.74 76502.77 1 0 0.01 1
12 0 271534.4 1 0 0.01 1
Merluccius merluccius  - Length ref :  Pineiro, 2003  - Fecundity ref :  Biagi, 1995
11 1000 0.5
1 0.33 0.01 1 0.33 0.01 1
2 0.5 0.01 1 0.51 0.01 1
3 0.63 0.01 1 0.61 157548.8 1
4 0.7 291943.6 1 0.68 257186 1
5 0.73 385077 1 0.71 316793.6 1
6 0.77 519822.1 1 0.74 409871.6 1
7 0.78 604311.1 1 0.76 534824.8 1
8 0.81 820185.4 1 0.78 610914.1 1
9 0.83 1107365 1 0 730731.9 1
10 0.85 1449679 1 0 0.01 1
11 0 1635175 1 0 0.01 1
Mullus surmuletus  - Length ref :  Renones, et al., 1995  - Fecundity ref :  Amin et al., 2016
6 1000 0.5
1 0.58 0.01 1 0.57 26407.01 1
2 0.65 78426.39 1 0.62 49259.24 1
3 0.7 141681.1 1 0.67 84050.11 1
4 0.72 205025.6 1 0.7 129743.2 1
5 0.75 289279.2 1 0.71 144633.4 1
6 0 904275.1 1 0 180881 1
Pagellus erythrinus  - Length ref :  Yapici et al., 2019  - Fecundity ref :  Papaconstantinou et al., 1986
8 1000 0.5
1 0.41 0.01 1 0.42 9760.06 1
2 0.55 26764.43 1 0.56 26764.43 1
3 0.63 51496.09 1 0.64 51496.09 1
4 0.69 87499.06 1 0.7 87499.06 1
5 0.74 146798.1 1 0.75 146798.1 1
6 0.76 192803 1 0.77 192803 1
7 0.78 231574.3 1 0.79 231574.3 1
8 0 287535.7 1 0 287535.7 1
Serranus cabrilla  - Length ref :  Ilhan, 2010  - Fecundity ref :  Palacios Sargatal, 2017
6 1000 0.5
1 0.47 0.01 1 0.47 0.01 1
2 0.58 2363.35 1 0.58 2363.35 1
3 0.62 3488.53 1 0.62 3488.53 1
4 0.66 4949.46 1 0.66 4949.46 1
5 0.69 6749.57 1 0.69 6749.57 1
6 0 8066.18 1 0 8066.18 1
Spondyliosoma cantharus  - Length ref :  Pajuelo et al., 1999  - Fecundity ref :  Gonçalves, J.M.S., 2000
10 1000 0.5
1 0.26 0.01 1 0.15 0.01 1
2 0.46 47165.39 1 0.42 0.01 1
3 0.57 66495.82 1 0.56 59992.28 1
4 0.64 84076.4 1 0.64 79116.66 1
5 0.68 99553.97 1 0.69 95497.29 1
6 0.71 112870.6 1 0.72 109187.9 1
7 0.73 124291.8 1 0.75 120369 1
8 0.75 133881.4 1 0.76 129465.4 1
9 0.76 141965.6 1 0.77 136780.8 1
10 0 148718.3 1 0 142647.1 1
Symphodus cinereus  - Length ref :  Quignard, 1966 et Bach, 1985  - Fecundity ref :  Quignard et Kara, 2019
6 1000 0.5
1 0.46 4111.25 1 0.29 3895.7 1
2 0.53 4368.36 1 0.45 4433.74 1
3 0.57 4536.46 1 0.52 4802.3 1
4 0.59 4641.56 1 0.56 5046.1 1
5 0.6 4708.11 1 0.58 5201.5 1
6 0 4749.09 1 0 5298.99 1
Sardina pilchardus  - Length ref :  Alemany, 1993  - Fecundity ref :  Bouhali, 2015
5 1000 0.5
1 0.39 5169.65 1 0.39 5169.65 1
2 0.46 6964.42 1 0.46 6964.42 1
3 0.5 8342.8 1 0.5 8342.8 1
4 0.5 8342.8 1 0.5 8342.8 1
5 0 8587.15 1 0 8587.15 1
Sarda sarda  - Length ref :  Orsi Relini, L., 2004  - Fecundity ref :  Orsi Relini, L., 2004
4 1000 0.5
1 0.5 733343 1 0.5 733343 1
2 0.55 1150440 1 0.55 1150440 1
3 0.6 1835328 1 0.6 1835328 1
4 0 3142504 1 0 3142504 1
Syngnathus typhle  - Length ref :  Fishbase  - Fecundity ref :  Rispoli et Wilson, 2007
3 1000 0.5
1 0.27 65.25 1 0.27 65.25 1
2 0.43 136.52 1 0.43 136.52 1
3 0 208.1 1 0 208.1 1
